local library = loadstring(game:GetObjects("rbxassetid://7657867786")[1].Source)()
local Wait = library.subs.Wait -- Only returns if the GUI has not been terminated. For 'while Wait() do' loops
local plr = game.Players.LocalPlayer
local Player = game:GetService("Players").LocalPlayer;


local PaoWorld = library:CreateWindow({
Name = "Main",
Themeable = {
Info = "Discord Server: VzYTJ7Y"
}
})

local Main = PaoWorld:CreateTab({
Name = "General"
})
local Nofall = Main:CreateSection({
Name = "Nofall"
})

Nofall:AddButton({
Name = "Nofall Method 1",
Callback = function()
game:GetService("Players").LocalPlayer.Character.CharacterHandler.Remotes.FallDamage:Destroy()
end
})


Nofall:AddButton({
Name = "Nofall Method 2",
Callback = function()
game.Players.LocalPlayer.Character.CharacterHandler.Remotes.ApplyFallDamage:Destroy()
end
})

Nofall:AddButton({
Name = "Nofall Method 3",
Callback = function()
game:GetService("Players").LocalPlayer.Character.CharacterHandler.Remotes.ApplyFallDamage:Destroy()
end
})

local Killbrick = Main:CreateSection({
Name = "Killbrick"
})

Killbrick:AddButton({
Name = "Remove Lava",
Callback = function()
for i,v in pairs(workspace:GetDescendants()) do
if v.Name == "Lava" then
v:Destroy()
end
end
end
})

local Pickup = Main:CreateSection({
Name = "Pickup"
})

Pickup:AddButton({
    Name = "Pickup trinket",
Callback = function()
        repeat task.wait() until game:IsLoaded()
local Player = game:GetService("Players").LocalPlayer;
assert(Player.Character, "Must be spawned in");
pcall(function()
    coroutine.resume(coroutine.create(function()
        while task.wait(0.25) do
            for i,v in pairs(workspace.Trinkets:GetChildren()) do
                if not Player.Character then Player.CharacterAdded:Wait() end
                if (Player.Character:WaitForChild("HumanoidRootPart").Position - v.Position).Magnitude < 15 then
                    if v:FindFirstChild("ClickPart") and v.Parent ~= nil then
                        task.wait(0.05);
                        fireclickdetector(v.ClickPart.ClickDetector, 14);
                    elseif v.Parent ~= nil and not v:FindFirstChild("ClickPart") then
                        fireclickdetector(v.ClickDetector, 14);
                    end;
                end;
            end;
        end;
    end));
end);
end
})

Pickup:AddButton({
    Name = "Pickup Ingredients",
Callback = function()
        repeat task.wait() until game:IsLoaded()
local Player = game:GetService("Players").LocalPlayer;
assert(Player.Character, "Must be spawned in");
pcall(function()
    coroutine.resume(coroutine.create(function()
        while task.wait(0.25) do
            for i,v in pairs(workspace.Ingredients:GetChildren()) do
                if not Player.Character then Player.CharacterAdded:Wait() end
                if (Player.Character:WaitForChild("HumanoidRootPart").Position - v.Position).Magnitude < 15 then
                    if v:FindFirstChild("ClickPart") and v.Parent ~= nil then
                        task.wait(0.05);
                        fireclickdetector(v.ClickPart.ClickDetector, 14);
                    elseif v.Parent ~= nil and not v:FindFirstChild("ClickPart") then
                        fireclickdetector(v.ClickDetector, 14);
                    end;
                end;
            end;
        end;
    end));
end);
end
})

local Injure = Main:CreateSection({
Name = "Injure"
})

Injure:AddButton({
    Name = "No Injure",
Callback = function()
	game.Players.LocalPlayer.Character.CharacterHandler.Remotes.Injure:Destroy()
end
})

local Observe = Main:CreateSection({
Name = "Observe"
})
Observe:AddButton({
    Name = "Observe",
Callback = function()
	if not game.Players.LocalPlayer.PlayerGui:FindFirstChild("LeaderboardGui") then
		local NewLB = game.StarterGui:FindFirstChild("LeaderboardGui"):Clone()
		NewLB.Parent = game.Players.LocalPlayer.PlayerGui
		NewLB.ResetOnSpawn = true
		local Connection
		Connection = game.Players.LocalPlayer.CharacterAdded:Connect(function()
			NewLB:Destroy()
			Connection:Disconnect()
		end)
	end
	if game.Players.LocalPlayer.PlayerGui:FindFirstChild("StartMenu") then
		game.Players.LocalPlayer.PlayerGui:FindFirstChild("StartMenu").CopyrightBar:Destroy()
	end
	--CopyrightBar
	workspace.CurrentCamera.CameraType = Enum.CameraType.Custom
	pcall(function()
		shared.SPRLS = script
		shared.SPROC = {}
	
		local Players = game:GetService "Players"
		local UIS = game:GetService "UserInputService"
		local RS = game:GetService "RunService"
		local LocalPlayer = Players.LocalPlayer
		local AdminMode = false
		local Spectating
		local PlayerData = {}
	
		LocalPlayer.PlayerGui:WaitForChild("LeaderboardGui"):WaitForChild("LeaderboardClient")
		wait()
	
		function Find(Upvalues, Function)
			local Constants = {}
			if typeof(Upvalues) == "function" then
				Constants = debug.getconstants(Upvalues)
				Upvalues = debug.getupvalues(Upvalues)
			end
	
			for i, v in pairs(Upvalues) do
				local Env = getfenv(Function)
				Env.Constants = Constants
				setfenv(Function, Env)
				local S, E = pcall(Function, v)
	
				if S and E then
					local Env = getfenv(2)
					Env.Value = v
					Env.Index = i
					setfenv(2, Env)
					return v
				end
			end
	
			return false
		end
	
		function InTable(Table, Value)
			for i, v in pairs(Table) do
				if v == Value then
					return true
				end
			end
	
			return false
		end
	
		UIS.InputEnded:Connect(function(Input, Processed)
				if Input.UserInputType.Name == "Keyboard" and Input.KeyCode.Name == "Tab" and not Processed and UIS:IsKeyDown "LeftControl" and not UIS:IsKeyDown "LeftAlt" then AdminMode = not AdminMode end
		end)
	
		local Runes = {}
	
		function OnCharacter(Character)
			if not Character then
				return false
			end
	
			local Humanoid = Character:WaitForChild("Humanoid")
			local LastHP = Humanoid.Health
	
			Humanoid.HealthChanged:Connect(function(NewHealth)
				if Spectating and NewHealth < LastHP and LocalPlayer.Character == Character then
					Spectating = nil
					workspace.CurrentCamera.CameraSubject = LocalPlayer.Character:FindFirstChildOfClass("Humanoid")
				end
	
				LastHP = NewHealth
			end)
		end
	
		function NameRightClick(Player, Label)
			if script ~= shared.SPRLS then
				return false
			end
	
			local Button = Label:FindFirstChild "SPB" or Instance.new("TextButton", Label)
			Button.Name = "SPB"
			Button.Transparency = 1
			Button.Text = ""
			Button.Size = UDim2.new(1, 0, 1, 0)
			Button.Position = UDim2.new(0, 0, 0, 0)
	
			local SpeedLabel = Label:FindFirstChild "SPA" or Instance.new("TextLabel", Label)
			SpeedLabel.Visible = false
			SpeedLabel.Name = "SPA"
			SpeedLabel.BackgroundTransparency = 1
			SpeedLabel.Text = "0s"
			SpeedLabel.TextXAlignment = "Right"
			SpeedLabel.Size = UDim2.new(1, 0, 1, 0)
			SpeedLabel.Position = UDim2.new(0, -10, 0, 0)
			SpeedLabel.TextColor3 = Color3.fromRGB(240, 240, 240)
			SpeedLabel.TextStrokeColor3 = Color3.fromRGB(35, 35, 35)
			SpeedLabel.TextStrokeTransparency = 0.75
			SpeedLabel.Font = Label.Font
			SpeedLabel.TextSize = Label.TextSize
	
			Button.MouseButton1Click:Connect(function()
				if script ~= shared.SPRLS then
					return false
				end
	
				if (Spectating == Player or Player == LocalPlayer) and LocalPlayer.Character then
					Spectating = nil
					workspace.CurrentCamera.CameraSubject = LocalPlayer.Character:FindFirstChildOfClass("Humanoid")
				else
					if Player.Character and Player.Character:FindFirstChild("Humanoid") then
						Spectating = Player
						workspace.CurrentCamera.CameraType = Enum.CameraType.Custom
	
						local T = Spectating.Character:GetDescendants()
						
						if LocalPlayer.Character then
							for i, v in pairs(LocalPlayer.Character:GetDescendants()) do
								table.insert(T, v)
							end
						end
	
						for i, v in pairs(T) do
							if v:IsA("Decal") and v.Parent.Name:match("Slot%d+") and not Runes[v] and v.Transparency == 1 then
								Runes[v] = v.Transparency
	
								v:GetPropertyChangedSignal "Transparency":Connect(function()
									v.Transparency = 1
								end)
							end
						end
	
						workspace.CurrentCamera.CameraSubject = Player.Character:FindFirstChildOfClass "Humanoid"
					end
				end
			end)
	
			local Stats = Player:WaitForChild("leaderstats", .05)
			local Hidden = (Stats and Stats:WaitForChild("Hidden", .05) and Stats.Hidden.Value) or false
	
			PlayerData[Player] = {
				LastUpdate = 0,
				LastPosition = (Player.Character and Player.Character:FindFirstChild "HumanoidRootPart" and Player.Character.HumanoidRootPart.Position) or Vector3.new(0, 0, 0),
				Suspicious = 0,
				TPSafe = false,
				Hidden = Hidden,
				Label = Label,
				Button = Button,
				SpeedLabel = SpeedLabel
			}
			PlayerData[Player].LastPosition = Vector2.new(PlayerData[Player].LastPosition.X, PlayerData[Player].LastPosition.Z)
	
			Player.CharacterAdded:Connect(function(Character)
				if game.Players.LocalPlayer.PlayerGui:FindFirstChild("ClonedBoard") then
					game.Players.LocalPlayer.PlayerGui:FindFirstChild("ClonedBoard"):Destroy()
				end
				PlayerData[Player].LastPosition = Character:WaitForChild "HumanoidRootPart".Position
				PlayerData[Player].LastPosition = Vector2.new(PlayerData[Player].LastPosition.X, PlayerData[Player].LastPosition.Z)
				PlayerData[Player].Suspicious = 0
			end)
	
			return Label
		end
	
		OnCharacter(LocalPlayer.Character)
		LocalPlayer.CharacterAdded:Connect(OnCharacter)
	
		for i, v in pairs(getreg()) do
			if typeof(v) == "function" and islclosure(v) and not is_synapse_function(v) then
				local ups = debug.getupvalues(v)
				local scr = getfenv(v).script
	
				if
					Find(
						ups,
						function(x)
							return scr.Name == "LeaderboardClient" and typeof(x) == "function" and
								InTable(debug.getconstants(x), "HouseRank")
						end
					)
				then
					local Labels = {}
	
					if
						Find(
							Value,
							function(x)
								return typeof(x) == "table" and x[LocalPlayer]
							end
						)
					then
						Labels = Value
						for i, v in pairs(Value) do
							NameRightClick(i, v)
						end
					end
	
					local Index = shared.SPROC[v] and shared.SPROC[v].Index or Index
					local Original = shared.SPROC[v] and shared.SPROC[v].Function or debug.getupvalues(v)[Index]
					shared.SPROC[v] = {Index = Index, Function = Original}
	
					debug.setupvalue(
						v,
						Index,
						function(Player, ...)
							local Label = Original(Player, ...)
							local DummyConstant = "HouseRank"
							local DummyTable = Labels
	
							NameRightClick(Player, Label)
	
							return Label
						end
					)
				end
			end
		end
	
		local Last = 0
	
		RS:UnbindFromRenderStep("LSBI")
	
		RS:BindToRenderStep("LSBI",500,function()
			if tick() - Last > 1 / 2 then
				Last = tick()
	
				for Player, Data in pairs(PlayerData) do
					local LastUpdate = Data.LastUpdate
					local Suspicious = Data.Suspicious
					local SpeedLabel = Data.SpeedLabel
					local LastPosition = Data.LastPosition
	
					if Player.Character and Player.Character:FindFirstChild("HumanoidRootPart") then
						if tick() - LastUpdate > 0.1 then
							LastUpdate = tick()
	
							local NewPosition = Player.Character.HumanoidRootPart.Position
							NewPosition = Vector2.new(NewPosition.X, NewPosition.Z)
							local Velocity = (LastPosition - NewPosition).Magnitude
	
							SpeedLabel.Text = math.floor(Velocity) .. "s"
	
							if Velocity > 50 then
								Suspicious = tick()
							end
	
							LastPosition = Player.Character.HumanoidRootPart.Position
							LastPosition = Vector2.new(LastPosition.X, LastPosition.Z)
						end
					end
	
					SpeedLabel.Visible = AdminMode
					--SpeedLabel.TextColor3 = tick() - Suspicious < 5 and Color3.fromRGB(255, 50, 50) or Color3.fromRGB(240, 240, 240)
	
					local Color = Color3.fromRGB(240, 240, 240)
					if tick() - Suspicious < 5 then
						if Player.Character:FindFirstChild("TPSafe") then
							Color = Color3.fromRGB(50, 255, 50)
						elseif Player.Character:FindFirstChild("FlightOk") then
							Color = Color3.fromRGB(255, 255, 50)
						else
							Color = Color3.fromRGB(255, 50, 50)
						end
					end
					SpeedLabel.TextColor3 = Color 
	
					if Player:FindFirstChild("leaderstats") and Player.leaderstats:FindFirstChild("Hidden") then
						if AdminMode then
							Player.leaderstats.Hidden.Value = false
						else
							Player.leaderstats.Hidden.Value = Data.Hidden
						end
					end
	
					Data.Suspicious = Suspicious
					Data.LastUpdate = LastUpdate
					Data.LastPosition = LastPosition
	
					PlayerData[Player] = Data
				end
			end
		end)
	end)
end
})

local Char = Main:CreateSection({
Name = "Character"
})

Char:AddButton({
Name = "Reset",
Callback = function()
	game:GetService("Players").LocalPlayer.Character:BreakJoints()
end
})


Char:AddButton({
Name = "nocd press y (patched)",
Callback = function()
    
    
local plrs = game:GetService("Players")
local mouse = plrs.LocalPlayer:GetMouse()

mouse.KeyDown:Connect(function(key)
    if key:lower() == "y" then
       for i,v in pairs(game.Players.LocalPlayer.Backpack:GetChildren()) do
          if v:FindFirstChild("Skill") then 
            v.Parent = game.Players.LocalPlayer.Character;
            task.wait();
            v:Destroy();
          end
       end
    end
end)
end
})

Char:AddButton({
Name = "Flight press j",
Callback = function()
    local LP = game:GetService'Players'.LocalPlayer
if not LP.Character then LP.CharacterAdded:Wait() end 
local inputs = game:GetService'UserInputService'
local Cam=workspace.CurrentCamera
local T = LP.Character:WaitForChild'HumanoidRootPart'
LP.CharacterAdded:Connect(function(Ch)
    T=Ch:WaitForChild'HumanoidRootPart'
end)
local CONTROL = {
    F = 0,
    B = 0,
    L = 0,
    R = 0}
local lCONTROL = {
    F = 0,
    B = 0,
    L = 0,
R = 0}
local _UIS=game:GetService'UserInputService'
local KeyCode=Enum.KeyCode
Ev1 = _UIS.InputBegan:Connect(function(UIS, Gc)
    if Gc then
        return
    end
    if UIS.UserInputType == Enum.UserInputType.Keyboard then
        if UIS.KeyCode == KeyCode.W then
            CONTROL.F = 1
        elseif UIS.KeyCode == KeyCode.S then
            CONTROL.B = -1
        elseif UIS.KeyCode == KeyCode.A then
            CONTROL.L = -1
        elseif UIS.KeyCode == KeyCode.D then
            CONTROL.R = 1
        end
    end
end)
Ev2 = _UIS.InputEnded:Connect(function(UIS, Gc)
    if Gc then
        return
    end
    if UIS.UserInputType == Enum.UserInputType.Keyboard then
        if UIS.KeyCode == KeyCode.W then
            CONTROL.F = 0
        elseif UIS.KeyCode == KeyCode.S then
            CONTROL.B = 0
        elseif UIS.KeyCode == KeyCode.A then
            CONTROL.L = 0
        elseif UIS.KeyCode == KeyCode.D then
            CONTROL.R = 0
        end
    end
end)
local gg=getgenv
local CFn=CFrame.new
local VC3=Vector3.new
local SPEED=0
gg().Flying = false
gg().BaseSpeed=200
local RS=game:GetService'RunService'.RenderStepped
local W=RS.Wait
inputs.InputBegan:Connect(function(key)
    if key.KeyCode==Enum.KeyCode.J and not inputs:GetFocusedTextBox() then
        gg().Flying=true
    end
end)
inputs.InputEnded:Connect(function(Key)
    if Key.KeyCode==Enum.KeyCode.J then
        gg().Flying=false
    end
end)
spawn(function()
    while wait() do
        if gg().Flying then
            W(RS)
            if CONTROL.L+CONTROL.R~=0 or CONTROL.F+CONTROL.B~=0 then
                SPEED=getgenv().BaseSpeed
            elseif not(CONTROL.L+CONTROL.R~=0 or CONTROL.F+CONTROL.B~=0)and SPEED~=0 then
                SPEED=0
            end
            if(CONTROL.L+CONTROL.R)~=0 or(CONTROL.F+CONTROL.B)~=0 then
                T.Velocity=((Cam.CoordinateFrame.LookVector*(CONTROL.F+CONTROL.B))+((Cam.CoordinateFrame*CFn(CONTROL.L+CONTROL.R,(CONTROL.F+CONTROL.B)*.2,0).Position)-Cam.CoordinateFrame.Position))*SPEED
                lCONTROL={F=CONTROL.F,B=CONTROL.B,L=CONTROL.L,R=CONTROL.R}
            elseif(CONTROL.L+CONTROL.R)==0 and(CONTROL.F+CONTROL.B)==0 and SPEED~=0 then
                T.Velocity=((Cam.CoordinateFrame.LookVector*(lCONTROL.F+lCONTROL.B))+((Cam.CoordinateFrame*CFn(lCONTROL.L+lCONTROL.R,(lCONTROL.F+lCONTROL.B)*.2,0).Position)-Cam.CoordinateFrame.Position))*SPEED
            else
                T.Velocity=VC3(0,1,0)
            end
        end
    end
end)
CONTROL={F = 0,B = 0,L = 0,R = 0}
lCONTROL={F = 0,B = 0,L = 0,R = 0}
SPEED=0
end
})

Char:AddButton({
Name = "Get Player Cframe",
Callback = function()
    setclipboard(tostring(game.Players.LocalPlayer.Character.HumanoidRootPart.CFrame))
end
})


local Visual = Main:CreateSection({
Name = "Visual"
})

Visual:AddButton({
Name = "No fog + Fullbright",
Callback = function()
    while wait(1) do
    game.Lighting.GlobalShadows = true
    game.Lighting.Ambient = Color3.new(0.7,0.7,0.7)
    game.Lighting.FogEnd = 100000
    end
end
})

local Teleport = PaoWorld:CreateTab({
Name = "Teleport"
})
local tp = Teleport:CreateSection({
Name = "Obelisk"
})

tp:AddButton({
Name = "Shore Obelisk",
Callback = function()
    plr.Character.HumanoidRootPart.CFrame = CFrame.new(5798.93799, 328.580139, 633.944214, 0, 0, 1, 1, 0, 0, 0, 1, 1)
    wait(0.4)
    plr.Character.HumanoidRootPart.CFrame = CFrame.new(662.755981, 365.696777, 2401.70117, 1, 0, 0, 0, 1, 0, 0, 0, 1)
end
})

tp:AddButton({
Name = "Tundra Obelisk",
Callback = function()
    plr.Character.HumanoidRootPart.CFrame = CFrame.new(5798.93799, 328.580139, 633.944214, 0, 0, 1, 1, 0, 0, 0, 1, 1)
    wait(0.4)
    plr.Character.HumanoidRootPart.CFrame = CFrame.new(7103.78174, 1315.04395, 653.68689, 0, 0, 1, 0, 1, -0, -1, 0, 0)
end
})

tp:AddButton({
Name = "DeepForest Obelisk",
Callback = function()
    plr.Character.HumanoidRootPart.CFrame = CFrame.new(5798.93799, 328.580139, 633.944214, 0, 0, 1, 1, 0, 0, 0, 1, 1)
    wait(0.4)
    plr.Character.HumanoidRootPart.CFrame = CFrame.new(1006.13293, 47.8760986, -3227.12939, 0.999964118, 0.00280959695, 0.00799155701, -0.00283151586, 0.999992251, 0.0027308811, -0.00798380375, -0.00275342679, 0.999964356)
end
})

tp:AddButton({
Name = "Forest Obelisk",
Callback = function()
    plr.Character.HumanoidRootPart.CFrame = CFrame.new(5798.93799, 328.580139, 633.944214, 0, 0, 1, 1, 0, 0, 0, 1, 1)
    wait(0.4)
    plr.Character.HumanoidRootPart.CFrame = CFrame.new(1706.948, 338.998688, -722.821655, 0.999449253, 5.41859263e-05, 0.0331854373, -5.5458446e-07, 0.999998689, -0.00161602325, -0.033185482, 0.00161511463, 0.999447942)
end
})

tp:AddButton({
Name = "Skycastle Obelisk",
Callback = function()
    plr.Character.HumanoidRootPart.CFrame = CFrame.new(5798.93799, 328.580139, 633.944214, 0, 0, 1, 1, 0, 0, 0, 1, 1)
    wait(0.4)
    plr.Character.HumanoidRootPart.CFrame = CFrame.new(133.633087, 3614.85596, 360.571655, -0.999863267, 2.44241463e-08, -0.0165357832, 2.46868268e-08, 1, -1.56815076e-08, 0.0165357832, -1.60875793e-08, -0.999863267)
end
})


tp:AddButton({
Name = "Sigil Obelisk",
Callback = function()
    plr.Character.HumanoidRootPart.CFrame = CFrame.new(5798.93799, 328.580139, 633.944214, 0, 0, 1, 1, 0, 0, 0, 1, 1)
    wait(0.4)
    plr.Character.HumanoidRootPart.CFrame = CFrame.new(6585.75879, 1320.27148, 465.19397, -0.999977469, -7.76229712e-08, 0.0067132432, -7.80059466e-08, 1, -5.67858685e-08, -0.0067132432, -5.7308263e-08, -0.999977469)
end
})

tp:AddButton({
Name = "Snail Obelisk",
Callback = function()
    plr.Character.HumanoidRootPart.CFrame = CFrame.new(5798.93799, 328.580139, 633.944214, 0, 0, 1, 1, 0, 0, 0, 1, 1)
    wait(0.4)
    plr.Character.HumanoidRootPart.CFrame = CFrame.new(5787.25879, 1113.29126, 861.876526, 0.998228312, 0.00615248038, -0.0591812544, -0.0059228912, 0.999974191, 0.00405425951, 0.0592046976, -0.00369657273, 0.9982391)
end
})

local tp1 = Teleport:CreateSection({
Name = "Mod zone"
})

tp1:AddButton({
Name = "Mod office",
Callback = function()
    plr.Character.HumanoidRootPart.CFrame = CFrame.new(5798.93799, 328.580139, 633.944214, 0, 0, 1, 1, 0, 0, 0, 1, 1)
    wait(0.4)
    plr.Character.HumanoidRootPart.CFrame = CFrame.new(-390.727051, 120.253784, 40700.0391, -0.838073552, 2.70661946e-08, 0.545557261, 2.43614284e-08, 1, -1.21885009e-08, -0.545557261, 3.07569414e-09, -0.838073552)
end
})

tp1:AddButton({
Name = "Norpa (mana shield)",
Callback = function()
    plr.Character.HumanoidRootPart.CFrame = CFrame.new(5798.93799, 328.580139, 633.944214, 0, 0, 1, 1, 0, 0, 0, 1, 1)
    wait(0.4)
    plr.Character.HumanoidRootPart.CFrame = CFrame.new(-629.065796, 119.056877, 40731.0469, -0.993807316, -5.62748212e-08, 0.111117296, -5.10456495e-08, 1, 4.99047523e-08, -0.111117296, 4.39236523e-08, -0.993807316)
end
})

tp1:AddButton({
Name = "Kamui",
Callback = function()
    plr.Character.HumanoidRootPart.CFrame = CFrame.new(5798.93799, 328.580139, 633.944214, 0, 0, 1, 1, 0, 0, 0, 1, 1)
    wait(0.4)
    plr.Character.HumanoidRootPart.CFrame = CFrame.new(-1238.46912, 1044.6991, 29040.748, 0.59339869, 5.10294607e-09, -0.804908693, -7.09856351e-09, 1, 1.10654474e-09, 0.804908693, 5.05707343e-09, 0.59339869)
end
})

local tp2 = Teleport:CreateSection({
Name = "Safe teleport"
})

tp2:AddButton({
Name = "Safe Merchant (Shore)",
Callback = function()
    plr.Character.HumanoidRootPart.CFrame = CFrame.new(5798.93799, 328.580139, 633.944214, 0, 0, 1, 1, 0, 0, 0, 1, 1)
    wait(0.4)
    plr.Character.HumanoidRootPart.CFrame = CFrame.new(-58.2551994, 205.494995, 2394.11328, 0.563137829, 4.98262835e-08, -0.826362967, 2.36747386e-08, 1, 7.64293944e-08, 0.826362967, -6.26042151e-08, 0.563137829)
end
})

tp2:AddButton({
Name = "Gacha room",
Callback = function()
    plr.Character.HumanoidRootPart.CFrame = CFrame.new(5798.93799, 328.580139, 633.944214, 0, 0, 1, 1, 0, 0, 0, 1, 1)
    wait(0.4)
    plr.Character.HumanoidRootPart.CFrame = CFrame.new(1007.96448, 3827.13916, 143.107513, 0.999999523, 2.69786664e-08, 0.000959955505, -2.68550195e-08, 1, -1.28817206e-07, -0.000959955505, 1.28791356e-07, 0.999999523)
end
})

local tp3 = Teleport:CreateSection({
Name = "Base Classes"
})

tp3:AddButton({
Name = "Warrior (Alfric)",
Callback = function()
    plr.Character.HumanoidRootPart.CFrame = CFrame.new(5798.93799, 328.580139, 633.944214, 0, 0, 1, 1, 0, 0, 0, 1, 1)
    wait(0.4)
    plr.Character.HumanoidRootPart.CFrame = game:GetService("Workspace").NPCs.Alfric.HumanoidRootPart.CFrame
end
})

tp3:AddButton({
Name = "Pit fighter (Cu)",
Callback = function()
    plr.Character.HumanoidRootPart.CFrame = CFrame.new(5798.93799, 328.580139, 633.944214, 0, 0, 1, 1, 0, 0, 0, 1, 1)
    wait(0.4)
    plr.Character.HumanoidRootPart.CFrame = game:GetService("Workspace").NPCs.Cu.HumanoidRootPart.CFrame
end
})

tp3:AddButton({
Name = "mage (Fallion)",
Callback = function()
    plr.Character.HumanoidRootPart.CFrame = CFrame.new(5798.93799, 328.580139, 633.944214, 0, 0, 1, 1, 0, 0, 0, 1, 1)
    wait(0.4)
    plr.Character.HumanoidRootPart.CFrame = game.workspace.NPCs.Fallion.HumanoidRootPart.CFrame
    wait(0.2)
    fireclickdetector(game:GetService("Workspace").NPCs.Fallion.ClickDetector)
    wait(0.2)
    local args = {
    [1] = {
        ["choice"] = "Yes."
    }
    }

    game:GetService("ReplicatedStorage").Requests.Dialogue:FireServer(unpack(args))
    wait(0.2)
    local args = {
    [1] = {
        ["choice"] = "I'll pay."
    }
    }

    game:GetService("ReplicatedStorage").Requests.Dialogue:FireServer(unpack(args))
    wait(0.2)
    local args = {
    [1] = {
        ["choice"] = "Bye"
    }
}

game:GetService("ReplicatedStorage").Requests.Dialogue:FireServer(unpack(args))
end
})

local tp4 = Teleport:CreateSection({
Name = "Farm spot"
})

tp4:AddButton({
Name = "lab con + forest 4",
Callback = function()
    plr.Character.HumanoidRootPart.CFrame = CFrame.new(5798.93799, 328.580139, 633.944214, 0, 0, 1, 1, 0, 0, 0, 1, 1)
    wait(0.4)
    plr.Character.HumanoidRootPart.CFrame = CFrame.new(2392.51538, 293.401733, 905.493652, 0.0018957078, 1.61164273e-08, 0.999998212, -4.94205743e-08, 1, -1.60227689e-08, -0.999998212, -4.93901098e-08, 0.0018957078)
    wait(1.5)
    plr.Character.HumanoidRootPart.CFrame = CFrame.new(2425.51074, 292.401733, 921.633057, -0.999271929, -2.53054839e-08, 0.0381528661, -2.77973236e-08, 1, -6.47814957e-08, -0.0381528661, -6.57948718e-08, -0.999271929)
    wait(1)
    plr.Character.HumanoidRootPart.CFrame = CFrame.new(5798.93799, 328.580139, 633.944214, 0, 0, 1, 1, 0, 0, 0, 1, 1)
    wait(0.4)
    plr.Character.HumanoidRootPart.CFrame = CFrame.new(4900.26074, 473.957092, 1670.02087, -0.0783317238, -7.1609449e-08, 0.996927321, -3.61719579e-08, 1, 6.89880082e-08, -0.996927321, -3.06568637e-08, -0.0783317238)
    wait(1)
    plr.Character.HumanoidRootPart.CFrame = CFrame.new(4871.29395, 473.957092, 1668.3595, -0.103894591, 9.51508241e-08, 0.994588315, 4.33263949e-08, 1, -9.1142681e-08, -0.994588315, 3.3622694e-08, -0.103894591)
    wait(0.5)
    plr.Character.HumanoidRootPart.CFrame = CFrame.new(4871.93262, 476.550934, 1654.26953, 0.997875094, 3.43750406e-09, 0.0651561245, -3.85908283e-09, 1, 6.34443431e-09, -0.0651561245, -6.58239596e-09, 0.997875094)
    wait(0.5)
    plr.Character.HumanoidRootPart.CFrame = CFrame.new(4875.23096, 473.957092, 1642.55334, 0.858730316, -7.11464452e-08, 0.512427747, 9.63471933e-08, 1, -2.26174581e-08, -0.512427747, 6.87932769e-08, 0.858730316)
    wait(0.5)
    plr.Character.HumanoidRootPart.CFrame = CFrame.new(4886.30664, 473.957092, 1641.9707, 0.607942104, -2.11869544e-08, -0.793981373, 9.81470833e-08, 1, 4.84656084e-08, 0.793981373, -1.07391244e-07, 0.607942104)
    wait(0.5)
    plr.Character.HumanoidRootPart.CFrame = CFrame.new(5798.93799, 328.580139, 633.944214, 0, 0, 1, 1, 0, 0, 0, 1, 1)
    wait(0.5)
    plr.Character.HumanoidRootPart.CFrame = CFrame.new(4400.79199, 1111.29382, 1905.63074, -0.11897257, -9.44207379e-09, -0.99289757, -5.80960702e-08, 1, -2.54833465e-09, 0.99289757, 5.73802623e-08, -0.11897257)
end
})

tp4:AddButton({
Name = "Cr farm",
Callback = function()
    local plr = game.Players.LocalPlayer
local paocr = game.Workspace.NPCs["The Eagle"].ClickDetector 

    plr.Character.HumanoidRootPart.CFrame = CFrame.new(5798.93799, 328.580139, 633.944214, 0, 0, 1, 1, 0, 0, 0, 1, 1)
    wait(0.4)
    plr.Character.HumanoidRootPart.CFrame = game.workspace.NPCs.Yeti.HumanoidRootPart.CFrame
    wait(0.4)
    fireclickdetector(game:GetService("Workspace").NPCs.Yeti.ClickDetector)
    wait(0.4)
        local args = {
    [1] = {
        ["choice"] = "Sure."
    }
    }

    game:GetService("ReplicatedStorage").Requests.Dialogue:FireServer(unpack(args))
    wait(0.4)
            local args = {
    [1] = {
        ["choice"] = "Bye"
    }
    }

    game:GetService("ReplicatedStorage").Requests.Dialogue:FireServer(unpack(args))
    wait(0.4)
    plr.Character.HumanoidRootPart.CFrame = CFrame.new(5798.93799, 328.580139, 633.944214, 0, 0, 1, 1, 0, 0, 0, 1, 1)
    wait(0.4)
    plr.Character.HumanoidRootPart.CFrame = CFrame.new(4536.56836, 839.293762, 469.692169, 0.269131124, -1.74385573e-09, -0.963103533, -8.9248303e-08, 1, -2.67503459e-08, 0.963103533, 9.31547106e-08, 0.269131124)
    wait(1)
    fireclickdetector(paocr)
    wait(1)
    local args = {
    [1] = {
        ["choice"] = "Send me in."
    }
}

    game:GetService("ReplicatedStorage").Requests.Dialogue:FireServer(unpack(args))
    wait(2)
    plr.Character.HumanoidRootPart.CFrame = CFrame.new(4547.77783, 742.607056, 464.061554, 0.998876989, -2.64474416e-08, -0.0473785028, 2.39022278e-08, 1, -5.42874048e-08, 0.0473785028, 5.30939879e-08, 0.998876989)
    plr.Character.HumanoidRootPart.CFrame = CFrame.new(4551.49854, 519.950134, 393.604553, 0.999984443, -5.99904197e-08, 0.00557542872, 6.05486292e-08, 1, -9.99506042e-08, -0.00557542872, 1.00286641e-07, 0.999984443)
    wait(0.4)
    plr.Character.HumanoidRootPart.CFrame = CFrame.new(5789.40137, 410.392822, 640.246948, -1, 0, 0, 0, 1, 0, 0, 0, -1)
end
})
